jails:
  pingu:
    world: 9da21240-a293-43bf-9e93-81ce8bb6138c
    world-name: world
    x: -3903.3003072435426
    y: 68.0
    z: 3235.383510016621
    yaw: 90.14904022216797
    pitch: 13.799629211425781
