world: 0bb7dd48-793e-4f41-9ccc-a42b8d73a514
world-name: oneblock_world
x: 802.5640457200348
y: 81.0
z: 805.5366366955753
yaw: 0.0
pitch: 0.0
name: NPC
lastowner: 436d3716-30ec-4e15-b753-d52946ee5739
